-2.050733429520682272e+00 1.378119486003190008e+00
-1.866896701510144307e+00 1.801649690939506110e+00
-2.070107953464255246e+00 1.810702548860539274e+00
-1.855332711574570137e+00 1.905359919566628646e+00
-2.107918631646113816e+00 1.376422414646106596e+00
-1.879168412374333075e+00 8.494460000902827046e-01
-2.050242389322830316e+00 1.740723251342609856e+00
-1.929164028291828092e+00 1.474677616157804128e+00
-1.909921064883693953e+00 2.170997984252654334e+00
-1.853511745375090225e+00 1.725321014314605605e+00
-2.037409212409468928e+00 1.025067407038504630e+00
-1.857783736758640059e+00 1.580247115583327311e+00
-1.916954421130877773e+00 1.874699142662237472e+00
-2.266914452018194748e+00 2.230393909326842117e+00
-2.425428576063174191e+00 6.308270833198583727e-01
-1.277735366818452123e+00 2.511870083500044259e+00
-2.237369080190971360e+00 9.229923079113290241e-01
-2.020005312333678749e+00 1.358519799017684271e+00
-1.867461229153052571e+00 7.047749008172246032e-01
-2.068994150862853765e+00 1.157587480001304403e+00
-1.726177634386913073e+00 1.162002896444959577e+00
-1.986886298270006401e+00 1.199361192838957368e+00
-2.504136984862106452e+00 1.714868185870410677e+00
-1.601862331291617370e+00 1.377210987322670110e+00
-1.557419594386393991e+00 1.564071875167924341e+00
-1.662574932247728565e+00 1.704429001390803666e+00
-1.770632792203781225e+00 1.424022643301567026e+00
-1.953731220249321110e+00 1.295812664713574369e+00
-2.004540895919947552e+00 1.368056980444939397e+00
-1.784545334563845786e+00 1.759586809294450216e+00
-1.741024681319729206e+00 1.740307318436377093e+00
-1.845717499160393071e+00 1.151472200128973222e+00
-1.696832797433166284e+00 2.115414335850134275e+00
-2.336678404941915588e+00 7.027269609818248552e-01
-1.820532760486781587e+00 1.702721048312798358e+00
-2.140891218427512399e+00 1.639276808082546832e+00
-2.170071395185591889e+00 1.048299837171687621e+00
-2.162526472427656721e+00 1.448747005290661694e+00
-2.037721931734002734e+00 2.128726938788572554e+00
-1.921056690989493276e+00 1.412735612449134370e+00
-2.118075169949640735e+00 1.445324753512216898e+00
-1.668163506043737865e+00 2.592066330624716919e+00
-2.114483041613739900e+00 2.021654282074148323e+00
-1.735592075748011887e+00 1.336798969984449803e+00
-1.685526709731683503e+00 1.013584326743355080e+00
-1.841995398789843197e+00 1.848642295214502518e+00
-2.017710276728932328e+00 1.132634151538975953e+00
-1.996918983350246091e+00 1.858824828891690650e+00
-2.039804658247752478e+00 1.098639841030846442e+00
-1.981239190137530803e+00 1.548645484142003204e+00
2.012251227821090893e+00 8.344181761218818494e-01
1.527692667504553459e+00 4.904256423962640721e-01
2.114321334981387412e+00 5.975720662461797561e-01
4.246926200731732104e-01 -2.271124089643809241e-01
1.630923688818241679e+00 3.937242872569263752e-01
9.945017237494949702e-01 -5.217736792274935143e-02
1.663333184854387525e+00 3.342199749516127638e-01
-4.692943422510946205e-01 -8.223928385608561542e-02
1.648609136142813458e+00 5.777956513939859207e-01
2.636574723030242207e-01 -1.730616995284687265e-01
2.673599950658127056e-01 1.326131230248749571e+00
9.865493993978897702e-01 2.573076630354073635e-01
4.742582270844256653e-01 -3.142728905059351541e-01
1.420807156315064601e+00 1.068879255239994497e-01
3.165091493051635507e-01 4.635075806260369191e-01
1.603034545021426727e+00 7.503049486704735926e-01
1.006185242068835306e+00 -1.478473391070166398e-01
6.813003217517037413e-01 3.370373477414357333e-01
1.163799765830273225e+00 -4.328727510771946951e-01
3.984741854666735139e-01 1.001224335161552959e-01
1.493748138769149802e+00 -2.135868248303582073e-01
8.845059750107697738e-01 4.887812998434611367e-01
1.705607818901692774e+00 2.994543386879286798e-02
1.348204848500389907e+00 1.383243821824804431e-01
1.287062662248982026e+00 5.539068798640449653e-01
1.533594399589836677e+00 6.520789844294282434e-01
1.945049048655781876e+00 5.798815509289199088e-01
2.107826333920596262e+00 2.968566767155126351e-01
1.242663210995548440e+00 9.952946453125845194e-02
1.659733593817886987e-01 4.623637438405028277e-01
2.501015606371308486e-01 2.249981384792125796e-02
1.459744635375668231e-01 8.797994823185383007e-02
5.842976469206198065e-01 3.237150981799434279e-01
1.680195499159601313e+00 -3.260956607453931455e-01
8.685617311286607523e-01 -3.373264059047832997e-01
1.350881814290396887e+00 3.711556445205905774e-01
1.845943424949641809e+00 5.503018904958654200e-01
1.333085249878687151e+00 6.271815988719815493e-01
6.784589049633878988e-01 1.946344827864344984e-01
4.765250683141828425e-01 -5.972017767790017972e-02
7.383297368875021416e-01 -2.218638619983462623e-01
1.359283782925346795e+00 1.924253182847800170e-01
6.328993813962842108e-01 2.181898377835937708e-01
-4.297756368716156294e-01 -9.887947524235587982e-02
7.141019295862824912e-01 6.639548513317649996e-03
7.854678309785303458e-01 2.493739315633692333e-01
8.001377913651813722e-01 1.538286147307615648e-01
1.162327615141191872e+00 4.086089545985829852e-01
-5.247894009339731936e-01 2.404040665778801045e-01
7.143934918788779065e-01 1.572470683095777422e-01
2.826482647474088061e+00 -8.852468586596944355e-01
1.649185773843697689e+00 -5.642193560345698522e-01
3.127327203889840312e+00 -2.676881694492524999e-02
2.318512024426382379e+00 -3.506943535924844091e-01
2.703984801323622733e+00 -4.681209851830824276e-01
3.959467637786774130e+00 -4.398006285979026014e-02
5.807018265770251819e-01 -9.026310222725276722e-01
3.504406443381189007e+00 1.246404551598194188e-01
2.807801198509119800e+00 6.217381241610218240e-02
3.498753067745758560e+00 -3.967125162515325321e-01
2.188909962566330414e+00 7.598116371183748219e-02
2.160445467253976126e+00 -2.405846262286542026e-01
2.645876757228991405e+00 -5.728233386779774811e-02
1.512680080930205451e+00 -7.368335363962054130e-01
1.769593558527727373e+00 -8.792357199944316193e-01
2.325445613885324558e+00 -4.185900415018590781e-01
2.379121091300506308e+00 -1.294529122152814349e-01
4.238641912986123472e+00 4.474371068209156976e-01
4.279339206037223065e+00 -4.103323024399795349e-01
1.432550148671604795e+00 -7.010361378715049829e-01
2.928462123072751666e+00 -1.980030581878398088e-01
1.408477592208882356e+00 -6.354665691182438403e-01
4.083213722811877666e+00 -6.528436666193924987e-02
1.794994800432587745e+00 -6.971838244989438105e-02
2.768191625571809755e+00 -1.971965655299113274e-01
3.215432609461801761e+00 2.494192526393637366e-01
1.666155204943649659e+00 -5.769646330687692309e-02
1.690835410927108429e+00 -1.291029808798362932e-01
2.458845225875621932e+00 -4.215454323590049346e-01
3.009680684035474840e+00 4.232809280345710135e-01
3.423249539142537490e+00 2.181195712733862146e-01
4.055198615606370183e+00 7.204178177919443593e-01
2.485726154090738937e+00 -4.779010685367488520e-01
1.870656971767534760e+00 1.543562674651141609e-02
1.976261277666565785e+00 -7.687736206465625166e-01
3.711162986819560583e+00 2.237292344575356473e-01
2.513388839291195165e+00 -7.281411723315948104e-01
2.332529525007160487e+00 -1.790307509643873363e-01
1.555671192392059643e+00 -1.447950475699955053e-01
2.647980697705495601e+00 1.006938173410096560e-01
2.758803987923870604e+00 -3.468036335579574025e-01
2.543770891681096824e+00 3.208943595575808327e-01
1.649185773843697689e+00 -5.642193560345698522e-01
3.007058471912654962e+00 -3.481582367670482125e-01
2.871152510073696984e+00 -5.004738977582859905e-01
2.474153041613704307e+00 4.059521008343193460e-02
1.865849811492584331e+00 -2.905418365097175437e-01
2.223000664206896015e+00 -5.082868436616806013e-02
2.278816069437899383e+00 -6.679765424866890289e-01
1.710920891358655771e+00 -3.827730678959903599e-01
